[17.602514639932867,78.12659499866369],
[17.60251429220477,78.12659500222222],
[17.60251357354709,78.12659501740617],
[17.602513196162658,78.12659502968346],
[17.602512407428268,78.12659505349994],
[17.602512014605978,78.12659506346728],
[17.60251119658858,78.12659508827309],
[17.60251077168628,78.12659509324428],
[17.602509902523625,78.12659511701264],
[17.60250946471994,78.12659511751957],
[17.60250858148549,78.12659515084205],
[17.60250813462513,78.12659516684177],
[17.60250723099108,78.12659517272216],
[17.60250677844454,78.12659518753176],
[17.60250589962665,78.12659521247319],
[17.602505458180598,78.12659521553151],
[17.602504544844408,78.12659522854331],
[17.602504046019718,78.12659524655139],
[17.602502922970462,78.12659528099208],
[17.60250226846636,78.12659529544578],
[17.60250077505641,78.12659532974276],
[17.602499923552738,78.12659534419035],
[17.60249812086113,78.12659539996136],
[17.60249719568561,78.1265954203381],
[17.60249531002526,78.12659548180997],
[17.602494397407238,78.12659551839478],
[17.602492627253138,78.12659559964445],
[17.602490923577427,78.12659568582544],
[17.602490094270834,78.12659571349208],
[17.60248843915322,78.12659579908191],
[17.602487610415587,78.12659585323348],
[17.6024859353839,78.12659593771036],
[17.60248508959003,78.12659600306897],
[17.602484212226546,78.1265960559226],
[17.60248242981004,78.12659617129758],
[17.602480551571063,78.1265963354882],
[17.602479569627125,78.12659644060791],
[17.602477530791088,78.12659664824452],
[17.60247647574849,78.12659676942334],
[17.60247427453217,78.12659707403152],
[17.602473127667214,78.12659725138224],
[17.60247074959221,78.12659768936334],
[17.602469536312668,78.12659793525161],
[17.602466995027093,78.12659847903386],
[17.602465686674787,78.12659880448625],
[17.602462973126006,78.1265995130112],
[17.60246157332768,78.12659992397722],
[17.602458713287024,78.12660090096304],
[17.602457277134594,78.12660139518938],
[17.602454372146216,78.12660244821582],
[17.602452932524766,78.12660307196317],
[17.602450077669168,78.126604482053],
[17.602448664695324,78.12660516105258],
[17.602445874685333,78.12660665514385],
[17.602444540215043,78.12660749235297],
[17.60244186669667,78.12660915288039],
[17.60244054158427,78.1266099916988],
[17.602438004506215,78.12661184145988],
[17.60243682248765,78.12661280943776],
[17.60243445288527,78.1266147946621],
[17.602433294563383,78.12661580142147],
[17.602431076587266,78.12661785174248],
[17.602430016266755,78.12661888198933],
[17.602428028908854,78.12662105072593],
[17.60242705462376,78.1266221303284],
[17.602425178330634,78.12662422451528],
[17.602424284718527,78.12662531251887],
[17.602422585747366,78.12662749097257],
[17.602421718541205,78.126628568115],
[17.602420087476577,78.12663069905481],
[17.602419292469516,78.126631802879],
[17.60241778841408,78.12663410215585],
[17.602417070485853,78.12663526374611],
[17.602415646276395,78.12663761136625],
[17.602414924797923,78.12663883626522],
[17.602413411874046,78.12664126601155],
[17.602412651507162,78.12664252150502],
[17.602411104342554,78.12664506724256],
[17.60241032297274,78.12664632802202],
[17.60240876876947,78.12664886134536],
[17.60240798108257,78.12665012369281],
[17.60240643384427,78.12665262607268],
[17.60240567770167,78.1266538583969],
[17.60240414341565,78.12665623681157],
[17.60240336484699,78.12665731262668],
[17.602401837570984,78.12665943936372],
[17.60240109549178,78.12666046802053],
[17.602399656137784,78.1266623470264],
[17.602398223465727,78.12666407426063],
[17.60239752695826,78.12666488414425],
[17.602396160518296,78.1266664199167],
[17.602395488179155,78.12666717008501],
[17.602394071196702,78.12666862522578],
[17.602393318128744,78.12666935081238],
[17.602391735083458,78.12667077573778],
[17.602390903041023,78.12667150497414],
[17.602389093767506,78.1266729804048],
[17.60238810603045,78.12667372381964],
[17.602385960612395,78.12667524509361],
[17.60238485886871,78.1266760709775],
[17.60238254549145,78.12667768587366],
[17.602381302193006,78.12667849011699],
[17.602378641688052,78.1266800859317],
[17.602377272782697,78.12668089208104],
[17.602374417746855,78.12668249694059],
[17.602372943620097,78.12668335270446],
[17.602369878546224,78.12668501691819],
[17.602368279148358,78.12668580209946],
[17.602364999551508,78.12668741252263],
[17.602363334055827,78.12668828715346],
[17.602359947835016,78.12669008768093],
[17.602358199782664,78.12669098415259],
[17.602354670505985,78.1266928164451],
[17.602352902716017,78.12669373629389],
[17.602349368897052,78.1266956437788],
[17.602347573881634,78.1266965761438],
[17.60234399965389,78.12669840358639],
[17.602342211646956,78.12669932013065],
[17.602338653099594,78.12670123974759],
[17.602336925394326,78.126702204183],
[17.602333392491744,78.12670404768214],
[17.60233167228962,78.12670498751487],
[17.602328296821504,78.12670699418464],
[17.602326629489617,78.12670798754164],
[17.602323267584307,78.1267099356896],
[17.60232159661734,78.12671091071539],
[17.60231833888468,78.12671294184885],
[17.60231673456413,78.12671399453794],
[17.602313557241345,78.12671606924718],
[17.602311962113905,78.12671707693683],
[17.60230886840982,78.12671917724336],
[17.60230738831406,78.12672027045596],
[17.602304350313673,78.12672241733246],
[17.602302826754194,78.12672344687506],
[17.602299918309434,78.12672560194251],
[17.60229849865074,78.12672675526193],
[17.60229580362827,78.12672915506549],
[17.602294478891594,78.12673032995728],
[17.602291869018266,78.12673270061643],
[17.60229062529887,78.12673394063852],
[17.602288205080985,78.12673638283451],
[17.602287026088106,78.12673763721801],
[17.602284731480196,78.12674014776516],
[17.602283587107348,78.12674142044477],
[17.602281379775665,78.12674405197197],
[17.602279231784657,78.12674683568673],
[17.602278149044402,78.12674830284867],
[17.60227598564215,78.12675120569104],
[17.60227493648009,78.12675274074549],
[17.60227292257183,78.12675591533888],
[17.602271924902322,78.12675754004981],
[17.602269955145776,78.12676091773598],
[17.602269026205875,78.12676269249174],
[17.602267232137475,78.12676642817287],
[17.602266365446717,78.12676831050557],
[17.602264649669404,78.12677220395712],
[17.602263883833164,78.12677426790377],
[17.60226251380649,78.12677845930574],
[17.602261854586104,78.12678059769287],
[17.602260698101755,78.12678490475254],
[17.602260246695085,78.12678710833144],
[17.60225961082401,78.12679162636935],
[17.60225932337467,78.12679390206375],
[17.60225891797295,78.12679845839942],
[17.60225882402556,78.12680073188672],
[17.602258783456982,78.12680522954919],
[17.60225882150251,78.12680750286793],
[17.602259135921916,78.12681207430967],
[17.602259378887734,78.12681435305701],
[17.602259944285333,78.12681887070524],
[17.60226027452833,78.12682111936377],
[17.60226105030713,78.12682561217905],
[17.602261464901193,78.12682786243417],
[17.602262235785297,78.12683233680416],
[17.602262675108914,78.12683453284966],
[17.6022636179096,78.12683888439284],
[17.602264021287862,78.12684106617613],
[17.602264755216204,78.12684542767427],
[17.60226511888957,78.12684759465691],
[17.602265788330147,78.12685196435918],
[17.60226610486585,78.12685415620754],
[17.602266771893287,78.1268585857622],
[17.602267092122784,78.12686083039242],
[17.602267665263604,78.12686538675841],
[17.602267935410982,78.12686770291684],
[17.602268495144447,78.12687240081985],
[17.602268729791188,78.12687480462004],
[17.602269098263545,78.12687967222303],
[17.60226924560803,78.12688215046266],
[17.60226942136188,78.12688725909216],
[17.60226948325186,78.12688984556331],
[17.60226953448098,78.12689510504234],
[17.602269457220693,78.12689778323943],
[17.602269057122317,78.12690319478794],
[17.602268739648864,78.12690591498854],
[17.60226797802032,78.12691132686827],
[17.602267525458547,78.12691401256639],
[17.60226642147404,78.12691923557534],
[17.602264891596782,78.12692420876124],
[17.6022640153436,78.1269266294035],
[17.602262068391653,78.12693123200917],
[17.602261008917818,78.12693344980093],
[17.602258715359337,78.12693774505333],
[17.602257453533024,78.12693982104352],
[17.602254712986927,78.12694382324952],
[17.60225326998386,78.12694576789696],
[17.602250174831166,78.12694955317791],
[17.602248501168795,78.12695136131715],
[17.6022449544664,78.12695491218169],
[17.602243080149922,78.12695663285295],
[17.602239097640044,78.12695978888685],
[17.602237010606974,78.12696126051956],
[17.602234908792962,78.1269627293868],
[17.60223043975549,78.12696543606044],
[17.602225718789512,78.12696777543557],
[17.602223258832076,78.1269688795685],
[17.602218190487886,78.12697079112421],
[17.602215542639083,78.12697161632858],
[17.602210132099025,78.12697301213969],
[17.60220736048739,78.12697358246533],
[17.602201653086272,78.12697460171742],
[17.602198713903366,78.12697492453556],
[17.60219280797983,78.12697529106451],
[17.602189791082512,78.126975329098],
[17.60218365419887,78.1269751959043],
[17.602180560939,78.12697502547064],
[17.602174231274258,78.12697437338437],
[17.60217100796704,78.12697386574986],
[17.602164528292708,78.12697273783918],
[17.602161258257713,78.12697209016949],
[17.602154596491715,78.12697067918008],
[17.60215124640815,78.12696983300306],
[17.602144493052588,78.12696780784016],
[17.60214107751382,78.12696661239166],
[17.602134177058897,78.12696413683801],
[17.60213072182719,78.1269627538949],
[17.60212393407915,78.12695963425111],
[17.602120596651133,78.1269579160984],
[17.60211397830307,78.12695430338829],
[17.60211074030375,78.12695231551731],
[17.602104402345176,78.12694807091198],
[17.602101318916265,78.1269458322364],
[17.602095296036435,78.12694118528724],
[17.602092336062597,78.12693873976303],
[17.602086628685342,78.12693371987545],
[17.60208384598194,78.12693117808412],
[17.602078452729245,78.12692596990878],
[17.602075786037343,78.12692337066568],
[17.602070660985973,78.12691813539739],
[17.602068145938922,78.12691546844509],
[17.602063341536542,78.12691004409533],
[17.60206095214188,78.12690734043804],
[17.6020562882421,78.12690188291838],
[17.602054040450543,78.12689910532984],
[17.60204983910032,78.12689350054484],
[17.602047772177563,78.12689066743353],
[17.602043833940456,78.12688503176264],
[17.602040168138355,78.12687936995444],
[17.602038434944454,78.12687652329869],
[17.602035184235984,78.12687079456238],
[17.602033671137175,78.12686794274904],
[17.602030852199217,78.12686221257685],
[17.60202947501967,78.12685934973226],
[17.602026969397617,78.12685363355389],
[17.602025818080108,78.12685076868397],
[17.602024725336474,78.12684788644646],
[17.602022725770738,78.12684222004309],
[17.602020924048976,78.12683663133241],
[17.602020109965004,78.12683384149986],
[17.60201864517505,78.12682834641505],
[17.602017978443357,78.12682564292854],
[17.602016759715042,78.12682027070879],
[17.602016221108766,78.12681760338208],
[17.60201526829578,78.12681231484142],
[17.602014809834525,78.12680971210061],
[17.6020139953034,78.12680447933845],
[17.602013680451385,78.12680187892538],
[17.602013098702454,78.12679672566139],
[17.602013098702454,78.12679672566139],
[17.602013098702454,78.12679672566139],
[17.602013098702454,78.12679672566139],
[17.602013098702454,78.12679672566139],
[17.602013098702454,78.12679672566139],
[17.602013098702454,78.12679672566139],
[17.602013098702454,78.12679672566139],
[17.602013098702454,78.12679672566139],
[17.602013098702454,78.12679672566139],
[17.602013098702454,78.12679672566139],
[17.602013098702454,78.12679672566139],
[17.602013098702454,78.12679672566139],
[17.602013098702454,78.12679672566139],
[17.602013098702454,78.12679672566139],
[17.602013098702454,78.12679672566139],
[17.602013098702454,78.12679672566139],
[17.602013098702454,78.12679672566139],
[17.602013098702454,78.12679672566139],
[17.602013098702454,78.12679672566139],
[17.602013098702454,78.12679672566139],
[17.602013098702454,78.12679672566139],
[17.602013098702454,78.12679672566139],
[17.602013098702454,78.12679672566139],
[17.602013098702454,78.12679672566139],
[17.602013098702454,78.12679672566139],
[17.602013098702454,78.12679672566139],
[17.602013098702454,78.12679672566139],
[17.602013098702454,78.12679672566139],
[17.602013098702454,78.12679672566139],
[17.602013098702454,78.12679672566139],
[17.602013098702454,78.12679672566139],
[17.602013098702454,78.12679672566139],
[17.602013098702454,78.12679672566139],
[17.602013098702454,78.12679672566139],
[17.602013098702454,78.12679672566139],
[17.602013098702454,78.12679672566139],
[17.602013098702454,78.12679672566139],
[17.602013098702454,78.12679672566139],
[17.602013098702454,78.12679672566139],
[17.602013098702454,78.12679672566139],
[17.602013098702454,78.12679672566139],
[17.602013098702454,78.12679672566139],
[17.602013098702454,78.12679672566139],
[17.602013098702454,78.12679672566139],
[17.602013098702454,78.12679672566139],
[17.602013098702454,78.12679672566139],
[17.602013098702454,78.12679672566139],
[17.602013098702454,78.12679672566139],
[17.602013098702454,78.12679672566139],
[17.602013098702454,78.12679672566139],
[17.602013098702454,78.12679672566139],
[17.602013098702454,78.12679672566139],
[17.602013098702454,78.12679672566139],
[17.602013098702454,78.12679672566139],
[17.602013098702454,78.12679672566139],
[17.602013098702454,78.12679672566139],
[17.602013098702454,78.12679672566139],
[17.602013098702454,78.12679672566139],
[17.602013098702454,78.12679672566139],
[17.602013098702454,78.12679672566139],
[17.602013098702454,78.12679672566139],
[17.602013098702454,78.12679672566139],
[17.602013098702454,78.12679672566139],
[17.602013098702454,78.12679672566139],
[17.602013098702454,78.12679672566139],
[17.602013098702454,78.12679672566139],
[17.602013098702454,78.12679672566139],
[17.602013098702454,78.12679672566139],
[17.602013098702454,78.12679672566139],
[17.602013098702454,78.12679672566139],
[17.602013098702454,78.12679672566139],
[17.602013098702454,78.12679672566139],
[17.602013098702454,78.12679672566139],
[17.602013098702454,78.12679672566139],
[17.602013098702454,78.12679672566139],
[17.602013098702454,78.12679672566139],
[17.602013098702454,78.12679672566139],
[17.602013098702454,78.12679672566139],
[17.602013098702454,78.12679672566139],
[17.602013098702454,78.12679672566139],
[17.602013098702454,78.12679672566139],
[17.602013098702454,78.12679672566139],
[17.602013098702454,78.12679672566139],
[17.602013098702454,78.12679672566139],
[17.602013098702454,78.12679672566139],
[17.602013098702454,78.12679672566139],
[17.602013098702454,78.12679672566139],
[17.602013098702454,78.12679672566139],
[17.602013098702454,78.12679672566139],
[17.602013098702454,78.12679672566139],
[17.602013098702454,78.12679672566139],
[17.602013098702454,78.12679672566139],
[17.602013098702454,78.12679672566139],
[17.602013098702454,78.12679672566139],
[17.602013098702454,78.12679672566139],
[17.602013098702454,78.12679672566139],
[17.602013098702454,78.12679672566139],
[17.602013098702454,78.12679672566139],
[17.602013098702454,78.12679672566139],
[17.602013098702454,78.12679672566139],
[17.602013098702454,78.12679672566139],
[17.602013098702454,78.12679672566139],
[17.602013098702454,78.12679672566139],
[17.602013098702454,78.12679672566139],
[17.602013098702454,78.12679672566139],
[17.602013098702454,78.12679672566139],
[17.602013098702454,78.12679672566139],
[17.602013098702454,78.12679672566139],
[17.602013098702454,78.12679672566139],
[17.602013098702454,78.12679672566139],
[17.602013098702454,78.12679672566139],
[17.602013098702454,78.12679672566139],
[17.602013098702454,78.12679672566139],
[17.602013098702454,78.12679672566139],
[17.602013098702454,78.12679672566139],
[17.602013098702454,78.12679672566139],
[17.602013098702454,78.12679672566139],
[17.602013098702454,78.12679672566139],
[17.602013098702454,78.12679672566139],
[17.602013098702454,78.12679672566139],
[17.602013098702454,78.12679672566139],
[17.602013098702454,78.12679672566139],
[17.602013098702454,78.12679672566139],
[17.602013098702454,78.12679672566139],
[17.602013098702454,78.12679672566139],
[17.602013098702454,78.12679672566139],
[17.602013098702454,78.12679672566139],
[17.602013098702454,78.12679672566139],
[17.602013098702454,78.12679672566139],
[17.602013098702454,78.12679672566139],
[17.602013098702454,78.12679672566139],
[17.602013098702454,78.12679672566139],
[17.602013098702454,78.12679672566139],
[17.602013098702454,78.12679672566139],
[17.602013098702454,78.12679672566139],
[17.602013098702454,78.12679672566139],
[17.602013098702454,78.12679672566139],
[17.602013098702454,78.12679672566139],
[17.602013098702454,78.12679672566139],
[17.602013098702454,78.12679672566139],
[17.602013098702454,78.12679672566139],
[17.602013098702454,78.12679672566139],
[17.602013098702454,78.12679672566139],
[17.602013098702454,78.12679672566139],
[17.602013098702454,78.12679672566139],
[17.602013098702454,78.12679672566139],
[17.602013098702454,78.12679672566139],
[17.602013098702454,78.12679672566139],
[17.602013098702454,78.12679672566139],
[17.602013098702454,78.12679672566139],
[17.602013098702454,78.12679672566139],
[17.602013098702454,78.12679672566139],
[17.602013098702454,78.12679672566139],
[17.602013098702454,78.12679672566139],
[17.602013098702454,78.12679672566139],
[17.602013098702454,78.12679672566139],
[17.602013098702454,78.12679672566139],
[17.602013098702454,78.12679672566139],
[17.602013098702454,78.12679672566139],
[17.602013098702454,78.12679672566139],
[17.602013098702454,78.12679672566139],
[17.602013098702454,78.12679672566139],
[17.602013098702454,78.12679672566139],
[17.602013098702454,78.12679672566139],
[17.602013098702454,78.12679672566139],
[17.602013098702454,78.12679672566139],
[17.602013098702454,78.12679672566139],
[17.602013098702454,78.12679672566139],
[17.602013098702454,78.12679672566139],
[17.602013098702454,78.12679672566139],
[17.602013098702454,78.12679672566139],
[17.602013098702454,78.12679672566139],
[17.602013098702454,78.12679672566139],
[17.602013098702454,78.12679672566139],
[17.602013098702454,78.12679672566139],
[17.602013098702454,78.12679672566139],
[17.602013098702454,78.12679672566139],
[17.602013098702454,78.12679672566139],
[17.602013098702454,78.12679672566139],
[17.602013098702454,78.12679672566139],
[17.602013098702454,78.12679672566139],
[17.602013098702454,78.12679672566139],
[17.602013098702454,78.12679672566139],
[17.602013098702454,78.12679672566139],
[17.602013098702454,78.12679672566139],
[17.602013098702454,78.12679672566139],
[17.602013098702454,78.12679672566139],
[17.602013098702454,78.12679672566139],
[17.602013098702454,78.12679672566139],
[17.602013098702454,78.12679672566139],
[17.602013098702454,78.12679672566139],
[17.602013098702454,78.12679672566139],
[17.602013098702454,78.12679672566139],
[17.602013098702454,78.12679672566139],
[17.602013098702454,78.12679672566139],
[17.602013098702454,78.12679672566139],
[17.602013098702454,78.12679672566139],
[17.602013098702454,78.12679672566139],
[17.602013098702454,78.12679672566139],
[17.602013098702454,78.12679672566139],
[17.602013098702454,78.12679672566139],
[17.602013098702454,78.12679672566139],
[17.602013098702454,78.12679672566139],
[17.602013098702454,78.12679672566139],
[17.602013098702454,78.12679672566139],
[17.602013098702454,78.12679672566139],
[17.602013098702454,78.12679672566139],
[17.602013098702454,78.12679672566139],
[17.602013098702454,78.12679672566139],
[17.602013098702454,78.12679672566139],
[17.602013098702454,78.12679672566139],
[17.602013098702454,78.12679672566139],
[17.602013098702454,78.12679672566139],
[17.602013098702454,78.12679672566139],
[17.602013098702454,78.12679672566139],
[17.602013098702454,78.12679672566139],
[17.602013098702454,78.12679672566139],
[17.602013098702454,78.12679672566139],
[17.602013098702454,78.12679672566139],
[17.602013098702454,78.12679672566139],
[17.602013098702454,78.12679672566139],
[17.602013098702454,78.12679672566139],
[17.602013098702454,78.12679672566139],
[17.602013098702454,78.12679672566139],
[17.602013098702454,78.12679672566139],
[17.602013098702454,78.12679672566139],
[17.602013098702454,78.12679672566139],
[17.602013098702454,78.12679672566139],
[17.602013098702454,78.12679672566139],
[17.602013098702454,78.12679672566139],
[17.602013098702454,78.12679672566139],
[17.602013098702454,78.12679672566139],
[17.602013098702454,78.12679672566139],
[17.602013098702454,78.12679672566139],
[17.602013098702454,78.12679672566139],
[17.602013098702454,78.12679672566139],
[17.602013098702454,78.12679672566139],
[17.602013098702454,78.12679672566139],
[17.602013098702454,78.12679672566139],
[17.602013098702454,78.12679672566139],
[17.602013098702454,78.12679672566139],
[17.602013098702454,78.12679672566139],
[17.602013098702454,78.12679672566139],
[17.602013098702454,78.12679672566139],
[17.602013098702454,78.12679672566139],
[17.602013098702454,78.12679672566139],
[17.602013098702454,78.12679672566139],
[17.602013098702454,78.12679672566139],
[17.602013098702454,78.12679672566139],
[17.602013098702454,78.12679672566139],
[17.602013098702454,78.12679672566139],
[17.602013098702454,78.12679672566139],
[17.602013098702454,78.12679672566139],
[17.602013098702454,78.12679672566139],
[17.602013098702454,78.12679672566139],
[17.602013098702454,78.12679672566139],
[17.602013098702454,78.12679672566139],
[17.602013098702454,78.12679672566139],
[17.602013098702454,78.12679672566139],
[17.602013098702454,78.12679672566139],
[17.602013098702454,78.12679672566139],
[17.602013098702454,78.12679672566139],
[17.602013098702454,78.12679672566139],
[17.602013098702454,78.12679672566139],
[17.602013098702454,78.12679672566139],
[17.602013098702454,78.12679672566139],
[17.602013098702454,78.12679672566139],
[17.602013098702454,78.12679672566139],
[17.602013098702454,78.12679672566139],
[17.602013098702454,78.12679672566139],
[17.602013098702454,78.12679672566139],
[17.602013098702454,78.12679672566139],
[17.602013098702454,78.12679672566139],
[17.602013098702454,78.12679672566139],
[17.602013098702454,78.12679672566139],
[17.602013098702454,78.12679672566139],
[17.602013098702454,78.12679672566139],
[17.602013098702454,78.12679672566139],
[17.602013098702454,78.12679672566139],
[17.602013098702454,78.12679672566139],
[17.602013098702454,78.12679672566139],
[17.602013098702454,78.12679672566139],
[17.602013098702454,78.12679672566139],
[17.602013098702454,78.12679672566139],
[17.602013098702454,78.12679672566139],
[17.602013098702454,78.12679672566139],
[17.602013098702454,78.12679672566139],
[17.602013098702454,78.12679672566139],
[17.602013098702454,78.12679672566139],
[17.602013098702454,78.12679672566139],
[17.602013098702454,78.12679672566139],
[17.602013098702454,78.12679672566139],
[17.602013098702454,78.12679672566139],
[17.602013098702454,78.12679672566139],
[17.602013098702454,78.12679672566139],
[17.602013098702454,78.12679672566139],
[17.602013098702454,78.12679672566139],
[17.602013098702454,78.12679672566139],
[17.602013098702454,78.12679672566139],
[17.602013098702454,78.12679672566139],
[17.602013098702454,78.12679672566139],
[17.602013098702454,78.12679672566139],
[17.602013098702454,78.12679672566139],
[17.602013098702454,78.12679672566139],
[17.602013098702454,78.12679672566139],
[17.602013098702454,78.12679672566139],
[17.602013098702454,78.12679672566139],
[17.602013098702454,78.12679672566139],
[17.602013098702454,78.12679672566139],
[17.602013098702454,78.12679672566139],
[17.602013098702454,78.12679672566139],
[17.602013098702454,78.12679672566139],
[17.602013098702454,78.12679672566139],
[17.602013098702454,78.12679672566139],
[17.602013098702454,78.12679672566139],
[17.602013098702454,78.12679672566139],
[17.602013098702454,78.12679672566139],
[17.602013098702454,78.12679672566139],
[17.602013098702454,78.12679672566139],
[17.602013098702454,78.12679672566139],
[17.602013098702454,78.12679672566139],
[17.602013098702454,78.12679672566139],
[17.602013098702454,78.12679672566139],
[17.602013098702454,78.12679672566139],
[17.602013098702454,78.12679672566139],
[17.602013098702454,78.12679672566139],
[17.602013098702454,78.12679672566139],
[17.602013098702454,78.12679672566139],
[17.602013098702454,78.12679672566139],
[17.602013098702454,78.12679672566139],
[17.602013098702454,78.12679672566139],
[17.602013098702454,78.12679672566139],
[17.602013098702454,78.12679672566139],
[17.602013098702454,78.12679672566139],
[17.602013098702454,78.12679672566139],
[17.602013098702454,78.12679672566139],
[17.602013098702454,78.12679672566139],
[17.602013098702454,78.12679672566139],
[17.602013098702454,78.12679672566139],
[17.602013098702454,78.12679672566139],
[17.602013098702454,78.12679672566139],
[17.602013098702454,78.12679672566139],
[17.602013098702454,78.12679672566139],
[17.602013098702454,78.12679672566139],
[17.602013098702454,78.12679672566139],
[17.602013098702454,78.12679672566139],
[17.602013098702454,78.12679672566139],
[17.602013098702454,78.12679672566139],
[17.602013098702454,78.12679672566139],
[17.602013098702454,78.12679672566139],
[17.602013098702454,78.12679672566139],
[17.602013098702454,78.12679672566139],
[17.602013098702454,78.12679672566139],
[17.602013098702454,78.12679672566139],
[17.602013098702454,78.12679672566139],
[17.602013098702454,78.12679672566139],
[17.602013098702454,78.12679672566139],
[17.602013098702454,78.12679672566139],
[17.602013098702454,78.12679672566139],
[17.602013098702454,78.12679672566139],
[17.602013098702454,78.12679672566139],
[17.602013098702454,78.12679672566139],
[17.602013098702454,78.12679672566139],
[17.602013098702454,78.12679672566139],
[17.602013098702454,78.12679672566139],
[17.602013098702454,78.12679672566139],
[17.602013098702454,78.12679672566139],
[17.602013098702454,78.12679672566139],
[17.602013098702454,78.12679672566139],
[17.602013098702454,78.12679672566139],
[17.602013098702454,78.12679672566139],
[17.602013098702454,78.12679672566139],
[17.602013098702454,78.12679672566139],
[17.602013098702454,78.12679672566139],
[17.602013098702454,78.12679672566139],
[17.602013098702454,78.12679672566139],
[17.602013098702454,78.12679672566139],
[17.602013098702454,78.12679672566139],
[17.602013098702454,78.12679672566139],
[17.602013098702454,78.12679672566139],
[17.602013098702454,78.12679672566139],
[17.602013098702454,78.12679672566139],
[17.602013098702454,78.12679672566139],
[17.602013098702454,78.12679672566139],
[17.602013098702454,78.12679672566139],
[17.602013098702454,78.12679672566139],
[17.602013098702454,78.12679672566139],
[17.602013098702454,78.12679672566139],
[17.602013098702454,78.12679672566139],
[17.602013098702454,78.12679672566139],
[17.602013098702454,78.12679672566139],
[17.602013098702454,78.12679672566139],
[17.602013098702454,78.12679672566139],
[17.602013098702454,78.12679672566139],
[17.602013098702454,78.12679672566139],
[17.602013098702454,78.12679672566139],
[17.602013098702454,78.12679672566139],
[17.602013098702454,78.12679672566139],
[17.602013098702454,78.12679672566139],
[17.602013098702454,78.12679672566139],
[17.602013098702454,78.12679672566139],
[17.602013098702454,78.12679672566139],
[17.602013098702454,78.12679672566139],
[17.602013098702454,78.12679672566139],
[17.602013098702454,78.12679672566139],
[17.602013098702454,78.12679672566139],
[17.602013098702454,78.12679672566139],
[17.602013098702454,78.12679672566139],
[17.602013098702454,78.12679672566139],
[17.602013098702454,78.12679672566139],
[17.602013098702454,78.12679672566139],
[17.602013098702454,78.12679672566139],
[17.602013098702454,78.12679672566139],
[17.602013098702454,78.12679672566139],
[17.602013098702454,78.12679672566139],
[17.602013098702454,78.12679672566139],
[17.602013098702454,78.12679672566139],
[17.602013098702454,78.12679672566139],
[17.602013098702454,78.12679672566139],
[17.602013098702454,78.12679672566139],
[17.602013098702454,78.12679672566139],
[17.602013098702454,78.12679672566139],
[17.602013098702454,78.12679672566139],
[17.602013098702454,78.12679672566139],
[17.602013098702454,78.12679672566139],
[17.602013098702454,78.12679672566139],
[17.602013098702454,78.12679672566139],
[17.602013098702454,78.12679672566139],
[17.602013098702454,78.12679672566139],
[17.602013098702454,78.12679672566139],
[17.602013098702454,78.12679672566139],
[17.602013098702454,78.12679672566139],
[17.602013098702454,78.12679672566139],
[17.602013098702454,78.12679672566139],
[17.602013098702454,78.12679672566139],
[17.602013098702454,78.12679672566139],
[17.602013098702454,78.12679672566139],
[17.602013098702454,78.12679672566139],
[17.602013098702454,78.12679672566139],
[17.602013098702454,78.12679672566139],
[17.602013098702454,78.12679672566139],
[17.602013098702454,78.12679672566139],
[17.602013098702454,78.12679672566139],
[17.602013098702454,78.12679672566139],
[17.602013098702454,78.12679672566139],
[17.602013098702454,78.12679672566139],
[17.602013098702454,78.12679672566139],
[17.602013098702454,78.12679672566139],
[17.602013098702454,78.12679672566139],
[17.602013098702454,78.12679672566139],
[17.602013098702454,78.12679672566139],
[17.602013098702454,78.12679672566139],
[17.602013098702454,78.12679672566139],
[17.602013098702454,78.12679672566139],
[17.602013098702454,78.12679672566139],
[17.602013098702454,78.12679672566139],
[17.602013098702454,78.12679672566139],
[17.602013098702454,78.12679672566139],
[17.602013098702454,78.12679672566139],
[17.602013098702454,78.12679672566139],
[17.602013098702454,78.12679672566139],
[17.602013098702454,78.12679672566139],
[17.602013098702454,78.12679672566139],
[17.602013098702454,78.12679672566139],
[17.602013098702454,78.12679672566139],
[17.602013098702454,78.12679672566139],
[17.602013098702454,78.12679672566139],
[17.602013098702454,78.12679672566139],
[17.602013098702454,78.12679672566139],
[17.602013098702454,78.12679672566139],
[17.602013098702454,78.12679672566139],
[17.602013098702454,78.12679672566139],
[17.602013098702454,78.12679672566139],
[17.602013098702454,78.12679672566139],
[17.602013098702454,78.12679672566139],
[17.602013098702454,78.12679672566139],
[17.602013098702454,78.12679672566139],
[17.602013098702454,78.12679672566139],
[17.602013098702454,78.12679672566139],
[17.602013098702454,78.12679672566139],
[17.602013098702454,78.12679672566139],
[17.602013098702454,78.12679672566139],
[17.602013098702454,78.12679672566139],
[17.602013098702454,78.12679672566139],
[17.602013098702454,78.12679672566139],
[17.602013098702454,78.12679672566139],
[17.602013098702454,78.12679672566139],
[17.602013098702454,78.12679672566139],
[17.602013098702454,78.12679672566139],
[17.602013098702454,78.12679672566139],
[17.602013098702454,78.12679672566139],
[17.602013098702454,78.12679672566139],
[17.602013098702454,78.12679672566139],
[17.602013098702454,78.12679672566139],
[17.602013098702454,78.12679672566139],
[17.602013098702454,78.12679672566139],
[17.602013098702454,78.12679672566139],
[17.602013098702454,78.12679672566139],
[17.602013098702454,78.12679672566139],
[17.602013098702454,78.12679672566139],
[17.602013098702454,78.12679672566139],
[17.602013098702454,78.12679672566139],
[17.602013098702454,78.12679672566139],
[17.602013098702454,78.12679672566139],
[17.602013098702454,78.12679672566139],
[17.602013098702454,78.12679672566139],
[17.602013098702454,78.12679672566139],
[17.602013098702454,78.12679672566139],
[17.602013098702454,78.12679672566139],
[17.602013098702454,78.12679672566139],
[17.602013098702454,78.12679672566139],
[17.602013098702454,78.12679672566139],
[17.602013098702454,78.12679672566139],
[17.602013098702454,78.12679672566139],
[17.602013098702454,78.12679672566139],
[17.602013098702454,78.12679672566139],
[17.602013098702454,78.12679672566139],
[17.602013098702454,78.12679672566139],
[17.602013098702454,78.12679672566139],
[17.602013098702454,78.12679672566139],
[17.602013098702454,78.12679672566139],
[17.602013098702454,78.12679672566139],
[17.602013098702454,78.12679672566139],
[17.602013098702454,78.12679672566139],
[17.602013098702454,78.12679672566139],
[17.602013098702454,78.12679672566139],
[17.602013098702454,78.12679672566139],
[17.602013098702454,78.12679672566139],
[17.602013098702454,78.12679672566139],
[17.602013098702454,78.12679672566139],
[17.602013098702454,78.12679672566139],
[17.602013098702454,78.12679672566139],
[17.602013098702454,78.12679672566139],
[17.602013098702454,78.12679672566139],
[17.602013098702454,78.12679672566139],
[17.602013098702454,78.12679672566139],
[17.602013098702454,78.12679672566139],
[17.602013098702454,78.12679672566139],
[17.602013098702454,78.12679672566139],
[17.602013098702454,78.12679672566139],
[17.602013098702454,78.12679672566139],
[17.602013098702454,78.12679672566139],
[17.602013098702454,78.12679672566139],
[17.602013098702454,78.12679672566139],
[17.602013098702454,78.12679672566139],
[17.602013098702454,78.12679672566139],
[17.602013098702454,78.12679672566139],
[17.602013098702454,78.12679672566139],
[17.602013098702454,78.12679672566139],
[17.602013098702454,78.12679672566139],
[17.602013098702454,78.12679672566139],
[17.602013098702454,78.12679672566139],
[17.602013098702454,78.12679672566139],
[17.602013098702454,78.12679672566139],
[17.602013098702454,78.12679672566139],
[17.602013098702454,78.12679672566139],
[17.602013098702454,78.12679672566139],
[17.602013098702454,78.12679672566139],
[17.602013098702454,78.12679672566139],
[17.602013098702454,78.12679672566139],
[17.602013098702454,78.12679672566139],
[17.602013098702454,78.12679672566139],
[17.602013098702454,78.12679672566139],
[17.602013098702454,78.12679672566139],
[17.602013098702454,78.12679672566139],
[17.602013098702454,78.12679672566139],
[17.602013098702454,78.12679672566139],
[17.602013098702454,78.12679672566139],
[17.602013098702454,78.12679672566139],
[17.602013098702454,78.12679672566139],
[17.602013098702454,78.12679672566139],
[17.602013098702454,78.12679672566139],
[17.602013098702454,78.12679672566139],
[17.602013098702454,78.12679672566139],
[17.602013098702454,78.12679672566139],
[17.602013098702454,78.12679672566139],
[17.602013098702454,78.12679672566139],
[17.602013098702454,78.12679672566139],
[17.602013098702454,78.12679672566139],
[17.602013098702454,78.12679672566139],
[17.602013098702454,78.12679672566139],
[17.602013098702454,78.12679672566139],
[17.602013098702454,78.12679672566139],
[17.602013098702454,78.12679672566139],
[17.602013098702454,78.12679672566139],
[17.602013098702454,78.12679672566139],
[17.602013098702454,78.12679672566139],
[17.602013098702454,78.12679672566139],
[17.602013098702454,78.12679672566139],
[17.602013098702454,78.12679672566139],
[17.602013098702454,78.12679672566139],
[17.602013098702454,78.12679672566139],
[17.602013098702454,78.12679672566139],
[17.602013098702454,78.12679672566139],
[17.602013098702454,78.12679672566139],
[17.602013098702454,78.12679672566139],
[17.602013098702454,78.12679672566139],
[17.602013098702454,78.12679672566139],
[17.602013098702454,78.12679672566139],
[17.602013098702454,78.12679672566139],
[17.602013098702454,78.12679672566139],
[17.602013098702454,78.12679672566139],
[17.602013098702454,78.12679672566139],
[17.602013098702454,78.12679672566139],
[17.602013098702454,78.12679672566139],
[17.602013098702454,78.12679672566139],
[17.602013098702454,78.12679672566139],
[17.602013098702454,78.12679672566139],
[17.602013098702454,78.12679672566139],
[17.602013098702454,78.12679672566139],
[17.602013098702454,78.12679672566139],
[17.602013098702454,78.12679672566139],
[17.602013098702454,78.12679672566139],
[17.602013098702454,78.12679672566139],
[17.602013098702454,78.12679672566139],
[17.602013098702454,78.12679672566139],
[17.602013098702454,78.12679672566139],
[17.602013098702454,78.12679672566139],
[17.602013098702454,78.12679672566139],
[17.602013098702454,78.12679672566139],
[17.602013098702454,78.12679672566139],
[17.602013098702454,78.12679672566139],
[17.602013098702454,78.12679672566139],
[17.602013098702454,78.12679672566139],
[17.602013098702454,78.12679672566139],
[17.602013098702454,78.12679672566139],
[17.602013098702454,78.12679672566139],
[17.602013098702454,78.12679672566139],
[17.602013098702454,78.12679672566139],
[17.602013098702454,78.12679672566139],
[17.602013098702454,78.12679672566139],
[17.602013098702454,78.12679672566139],
[17.602013098702454,78.12679672566139],
[17.602013098702454,78.12679672566139],
[17.602013098702454,78.12679672566139],
[17.602013098702454,78.12679672566139],
[17.602013098702454,78.12679672566139],
[17.602013098702454,78.12679672566139],
[17.602013098702454,78.12679672566139],
[17.602013098702454,78.12679672566139],
[17.602013098702454,78.12679672566139],
[17.602013098702454,78.12679672566139],
[17.602013098702454,78.12679672566139],
[17.602013098702454,78.12679672566139],
[17.602013098702454,78.12679672566139],
[17.602013098702454,78.12679672566139],
[17.602013098702454,78.12679672566139],
[17.602013098702454,78.12679672566139],
[17.602013098702454,78.12679672566139],
[17.602013098702454,78.12679672566139],
[17.602013098702454,78.12679672566139],
[17.602013098702454,78.12679672566139],
