[17.602498793592357,78.12659377295424],
[17.602498807014932,78.12659377734758],
[17.602498804507864,78.12659377855998],
[17.60249880545319,78.12659378058098],
[17.602498799893993,78.12659377924311],
[17.602498775335427,78.12659378641949],
[17.602498732163834,78.12659378063955],
[17.60249856938325,78.12659378656228],
[17.60249844226296,78.12659377799275],
[17.602498081260453,78.1265937749262],
[17.602497823421135,78.12659376959229],
[17.602497175948393,78.1265937578517],
[17.60249677929431,78.12659375282705],
[17.602495846378147,78.12659374509599],
[17.602495320273537,78.12659374626489],
[17.60249413410344,78.12659374794609],
[17.602493496542955,78.12659375266117],
[17.602492083998527,78.12659375563284],
[17.602491333913793,78.12659375639099],
[17.60248973258679,78.1265937818334],
[17.6024888874392,78.12659377966304],
[17.602487138863978,78.12659377141267],
[17.60248527306533,78.12659379102858],
[17.602484304756665,78.12659380428069],
[17.602482316486128,78.12659384182761],
[17.6024812992514,78.12659386048414],
[17.602480253691002,78.12659385992214],
[17.60247811536515,78.12659394289894],
[17.602475921655486,78.12659401812947],
[17.60247479938995,78.12659406720832],
[17.602472506423034,78.12659418863709],
[17.60247134924176,78.12659427735973],
[17.60246901341457,78.12659450259615],
[17.602467827677962,78.12659462400286],
[17.602465448334204,78.12659494344719],
[17.60246424394031,78.12659511067037],
[17.602461801614375,78.1265955893329],
[17.60246058052026,78.12659583917795],
[17.602458134519793,78.1265964894125],
[17.602456909849725,78.12659682922272],
[17.60245445067525,78.12659759007227],
[17.602453199837775,78.12659797816222],
[17.60245071024462,78.12659884502035],
[17.602449496891676,78.12659934979328],
[17.602447041522716,78.1266004560112],
[17.60244584183477,78.12660105038402],
[17.602443448153625,78.12660229569885],
[17.60244225729379,78.12660300353669],
[17.602439876782086,78.12660444235094],
[17.602438675538345,78.12660522000401],
[17.602436348732972,78.12660687900608],
[17.602435211683545,78.12660775664942],
[17.60243290688963,78.1266095174213],
[17.602431772521857,78.1266104599473],
[17.602429635026905,78.12661240180415],
[17.602428560110212,78.12661341606368],
[17.602426525791845,78.12661567259406],
[17.602425520598395,78.12661677285772],
[17.60242352178581,78.12661903204865],
[17.602422594513754,78.12662023570009],
[17.60242077265081,78.12662269008999],
[17.602419859667847,78.12662393831164],
[17.602418123732544,78.12662651799006],
[17.602417297623955,78.12662780111198],
[17.602415757692555,78.12663044063329],
[17.602415058241334,78.12663184281949],
[17.60241381081072,78.12663473475921],
[17.602413188694968,78.1266361193623],
[17.602411798444408,78.12663897475838],
[17.60241114280431,78.12664041561692],
[17.602409781790204,78.12664327121016],
[17.602409117598615,78.12664469376173],
[17.602407810066182,78.1266474722038],
[17.602407118006454,78.1266488446058],
[17.6024056446616,78.12665157827492],
[17.60240499038723,78.12665296627058],
[17.60240364549709,78.12665573929905],
[17.602402852316228,78.12665702628446],
[17.602401220573643,78.12665951754639],
[17.602400363480264,78.1266607334306],
[17.60239863078642,78.12666306009018],
[17.60239769323711,78.12666420513953],
[17.602395751030052,78.12666636509053],
[17.602394802153242,78.12666745080047],
[17.6023928544122,78.12666955330388],
[17.602390801431028,78.12667150483199],
[17.602389757305286,78.12667244816542],
[17.60238757747062,78.12667421950722],
[17.60238642050273,78.12667508590373],
[17.602384193949693,78.12667688615836],
[17.60238303710161,78.12667777109218],
[17.602380567970783,78.12667953247173],
[17.602379221508865,78.12668040902618],
[17.60237633887489,78.12668210548833],
[17.602374807965038,78.12668297047595],
[17.60237155474317,78.1266847284653],
[17.602369875671112,78.12668559308526],
[17.602366471894637,78.12668726455412],
[17.6023647678919,78.12668807082177],
[17.60236307741355,78.12668890282762],
[17.602359814813155,78.12669051735605],
[17.60235659551063,78.12669200442896],
[17.602355005918255,78.12669273387355],
[17.602352006102475,78.12669432515732],
[17.602350495708095,78.12669510869452],
[17.60234745054059,78.1266966358792],
[17.602345899962604,78.12669738996239],
[17.602342803686874,78.12669890101559],
[17.602341260049503,78.12669972992164],
[17.602338116296888,78.12670146849936],
[17.602336525681608,78.12670231080163],
[17.60233337158801,78.12670399897488],
[17.60233184562914,78.12670481926826],
[17.602328877176955,78.12670653619725],
[17.60232743489682,78.126707379248],
[17.60232451183609,78.12670899217198],
[17.602323045525615,78.12670978490664],
[17.602320179803122,78.12671146438205],
[17.60231878919718,78.12671229726656],
[17.602316103977344,78.12671392686413],
[17.602314777824265,78.12671469495625],
[17.60231219290279,78.12671618404279],
[17.602310945667845,78.12671693092862],
[17.602308464405233,78.12671847666464],
[17.602307271010382,78.12671926572034],
[17.602304785449622,78.12672081863026],
[17.602303490375476,78.12672159443149],
[17.602300985560657,78.1267232214915],
[17.60229976408946,78.12672406252416],
[17.602297397960097,78.12672578345195],
[17.60229623512372,78.12672660254684],
[17.602293989092928,78.12672823769175],
[17.602292847864586,78.12672904658336],
[17.602290495585486,78.12673076666357],
[17.602289294649378,78.12673174841787],
[17.602286865835215,78.12673378931422],
[17.6022856238858,78.12673484035584],
[17.60228315955238,78.12673703910104],
[17.602281979254922,78.12673816991635],
[17.602279685212622,78.12674040800897],
[17.60227858330374,78.12674151570468],
[17.602276499233508,78.12674384107758],
[17.6022754613506,78.12674504426518],
[17.602273434825946,78.12674742472636],
[17.602271407903928,78.12674984265415],
[17.602270416277076,78.12675112915073],
[17.602268528962,78.12675385456174],
[17.602267631926523,78.12675529038845],
[17.602265876238132,78.12675827292597],
[17.602264991746978,78.12675982256614],
[17.60226336260338,78.12676308491692],
[17.60226263078,78.12676480730357],
[17.602261956252143,78.12676659525349],
[17.60226059387686,78.12677031296063],
[17.602259420627437,78.12677426056072],
[17.6022589280141,78.12677631706097],
[17.60225806391349,78.12678060315967],
[17.602257703547075,78.1267827678604],
[17.60225719178895,78.12678720988666],
[17.602257087013793,78.12678943740045],
[17.602257097951345,78.12679385083874],
[17.602257144490164,78.12679604979712],
[17.602257269136427,78.12680041948367],
[17.602257373961407,78.12680259016321],
[17.602257693949895,78.12680688582401],
[17.602257870367254,78.12680900761659],
[17.60225837075973,78.1268132098497],
[17.602258675812028,78.12681527769497],
[17.602259278937417,78.12681935165197],
[17.60225957952649,78.12682136786661],
[17.60226025616297,78.12682536271564],
[17.602260542039136,78.12682732660018],
[17.602261095789533,78.12683117437753],
[17.602261396391945,78.12683305260741],
[17.60226204403967,78.12683670582338],
[17.602262345983245,78.12683853326405],
[17.602262891203836,78.12684218926782],
[17.602263181070565,78.12684404558995],
[17.602263846442693,78.12684782418624],
[17.6022641714933,78.12684983023132],
[17.60226477091198,78.12685404388311],
[17.602265106682907,78.12685627586617],
[17.602265863147665,78.12686090808444],
[17.602266223851842,78.1268632887615],
[17.602266846288444,78.12686812308442],
[17.602267122307317,78.12687055704866],
[17.602267599311112,78.12687537958953],
[17.602267825851822,78.1268777752579],
[17.602268201273017,78.12688245446343],
[17.602268306722472,78.12688477056435],
[17.602268439990798,78.12688930304759],
[17.60226847555772,78.12689150624388],
[17.602268440982936,78.12689579803065],
[17.602268365980485,78.12689790521112],
[17.602268133955295,78.1269020845254],
[17.6022679555147,78.12690417110419],
[17.60226741453646,78.1269084421545],
[17.602267090828914,78.12691062221931],
[17.60226632215639,78.12691508406577],
[17.602265830389875,78.12691734831574],
[17.60226463125021,78.1269219009006],
[17.602263925995597,78.1269241667102],
[17.60226234092425,78.12692861843912],
[17.602261495594774,78.12693078577504],
[17.60225964323537,78.12693498775758],
[17.60225861637548,78.12693702370774],
[17.60225638871252,78.1269410145039],
[17.602253903037827,78.12694495050869],
[17.60225255625379,78.12694685125228],
[17.602249707603708,78.12695059848421],
[17.602248204551803,78.12695238243253],
[17.602245048092644,78.12695583582229],
[17.602243408944517,78.12695744626829],
[17.602240081673322,78.12696038199286],
[17.60223843099575,78.12696177192917],
[17.602235150578057,78.12696434924887],
[17.60223345702058,78.12696553174034],
[17.60223000774709,78.12696768481092],
[17.602228214864272,78.1269687465406],
[17.602224423787025,78.12697076684009],
[17.602222435117117,78.12697174892921],
[17.602218275993735,78.1269735415758],
[17.60221611862939,78.12697437526528],
[17.602211669601232,78.12697583222268],
[17.602209428443263,78.12697639263531],
[17.60220715848187,78.12697689945438],
[17.602202562310993,78.1269778126405],
[17.602197904947715,78.12697842233271],
[17.602195566015812,78.12697861612304],
[17.602190863091327,78.12697867448419],
[17.602188508998065,78.12697860809226],
[17.60218380516967,78.12697836385489],
[17.60218146205977,78.12697813148046],
[17.60217678219582,78.12697731772448],
[17.60217448585812,78.1269767785768],
[17.602169972404308,78.12697559121415],
[17.602167758950067,78.12697498896688],
[17.60216344855234,78.12697367010882],
[17.602161322647998,78.12697294378248],
[17.602157174236844,78.12697147160883],
[17.60215511869857,78.12697073258269],
[17.60215116500714,78.126969236844],
[17.602149198131603,78.12696847119723],
[17.60214529926886,78.1269670139316],
[17.602143401918052,78.12696624089259],
[17.60213965219716,78.12696471161152],
[17.60213776055031,78.1269639128248],
[17.602133853508303,78.12696215860696],
[17.602131891346865,78.12696116151021],
[17.60212780417467,78.12695891330782],
[17.602125672611376,78.12695775967424],
[17.602121329817773,78.1269552294409],
[17.602119114481102,78.12695387654989],
[17.60211455008675,78.12695100429424],
[17.602112219885445,78.12694950111978],
[17.602107626166003,78.12694638291963],
[17.602105361163858,78.12694480673198],
[17.602100799577713,78.12694160984414],
[17.602098577393456,78.12694004047613],
[17.602094248509488,78.12693691285381],
[17.602092125671483,78.12693530514258],
[17.602087947188583,78.12693215612265],
[17.60208591248644,78.12693060650359],
[17.602082020551308,78.126927487684],
[17.602080109317843,78.12692595103574],
[17.602076403324446,78.12692299781817],
[17.602072892310527,78.12691998847583],
[17.602071183075857,78.12691848181616],
[17.602069483311297,78.12691695745139],
[17.60206621276628,78.1269137500277],
[17.60206306412764,78.12691041517263],
[17.602061476409645,78.1269087251389],
[17.602058305601346,78.12690519241715],
[17.602056752610714,78.12690334629039],
[17.602053672177142,78.12689957184453],
[17.60205220053611,78.1268976039085],
[17.60204936268668,78.12689356630753],
[17.602047964469502,78.12689147367664],
[17.602046622166192,78.12688934594799],
[17.60204409084277,78.12688495885124],
[17.602041735008108,78.12688048828151],
[17.602040665052293,78.12687816227863],
[17.602038706447992,78.12687349599605],
[17.602037797139584,78.12687113747644],
[17.60203612938581,78.12686636306192],
[17.60203612938581,78.12686636306192],
[17.60203612938581,78.12686636306192],
[17.60203612938581,78.12686636306192],
[17.60203612938581,78.12686636306192],
[17.60203612938581,78.12686636306192],
[17.60203612938581,78.12686636306192],
[17.60203612938581,78.12686636306192],
[17.60203612938581,78.12686636306192],
[17.60203612938581,78.12686636306192],
[17.60203612938581,78.12686636306192],
[17.60203612938581,78.12686636306192],
[17.60203612938581,78.12686636306192],
[17.60203612938581,78.12686636306192],
[17.60203612938581,78.12686636306192],
[17.60203612938581,78.12686636306192],
[17.60203612938581,78.12686636306192],
[17.60203612938581,78.12686636306192],
[17.60203612938581,78.12686636306192],
[17.60203612938581,78.12686636306192],
[17.60203612938581,78.12686636306192],
[17.60203612938581,78.12686636306192],
[17.60203612938581,78.12686636306192],
[17.60203612938581,78.12686636306192],
[17.60203612938581,78.12686636306192],
[17.60203612938581,78.12686636306192],
[17.60203612938581,78.12686636306192],
[17.60203612938581,78.12686636306192],
[17.60203612938581,78.12686636306192],
[17.60203612938581,78.12686636306192],
[17.60203612938581,78.12686636306192],
[17.60203612938581,78.12686636306192],
[17.60203612938581,78.12686636306192],
[17.60203612938581,78.12686636306192],
[17.60203612938581,78.12686636306192],
[17.60203612938581,78.12686636306192],
[17.60203612938581,78.12686636306192],
[17.60203612938581,78.12686636306192],
[17.60203612938581,78.12686636306192],
[17.60203612938581,78.12686636306192],
[17.60203612938581,78.12686636306192],
[17.60203612938581,78.12686636306192],
[17.60203612938581,78.12686636306192],
[17.60203612938581,78.12686636306192],
[17.60203612938581,78.12686636306192],
[17.60203612938581,78.12686636306192],
[17.60203612938581,78.12686636306192],
[17.60203612938581,78.12686636306192],
[17.60203612938581,78.12686636306192],
[17.60203612938581,78.12686636306192],
[17.60203612938581,78.12686636306192],
[17.60203612938581,78.12686636306192],
[17.60203612938581,78.12686636306192],
[17.60203612938581,78.12686636306192],
[17.60203612938581,78.12686636306192],
[17.60203612938581,78.12686636306192],
[17.60203612938581,78.12686636306192],
[17.60203612938581,78.12686636306192],
[17.60203612938581,78.12686636306192],
[17.60203612938581,78.12686636306192],
