[17.601341778764304,78.1266139562471],
[17.601341818405952,78.12661397034651],
[17.601341947678776,78.12661396755051],
[17.60134209731164,78.12661396045067],
[17.601342560663785,78.12661396397823],
[17.601342848749805,78.1266139770464],
[17.60134359874484,78.12661400925336],
[17.601344035696275,78.1266140103117],
[17.601345051630776,78.12661402807561],
[17.60134562732757,78.12661402866165],
[17.601346885744306,78.12661405258198],
[17.601347586529073,78.12661406767711],
[17.601349034021034,78.12661409149105],
[17.60134982988031,78.12661408350094],
[17.601351476947556,78.12661411817611],
[17.601352363124793,78.12661413495807],
[17.601354273773552,78.12661415250749],
[17.601355315373088,78.12661414581751],
[17.60135758261988,78.126614190159],
[17.601358824638602,78.12661419404255],
[17.6013615376487,78.12661423568207],
[17.60136300310199,78.1266142752772],
[17.6013661842267,78.12661428729403],
[17.601367888587323,78.12661429305888],
[17.601371585957633,78.1266143095553],
[17.60137354800494,78.1266143158114],
[17.601377718781304,78.12661431796897],
[17.601379928833495,78.12661432474142],
[17.601384583302917,78.12661433348518],
[17.601387066547314,78.12661432070074],
[17.601392200516372,78.12661425998122],
[17.60139496110325,78.12661428616569],
[17.601400511838328,78.1266142675015],
[17.60140629578271,78.12661416464256],
[17.601409259068664,78.1266140982505],
[17.601415329602787,78.12661396872164],
[17.6014184285766,78.1266138965327],
[17.601424745321356,78.12661375123375],
[17.60142796887858,78.12661365864706],
[17.601434507534943,78.12661358840259],
[17.60143783027855,78.12661345756891],
[17.60144470970669,78.1266132997778],
[17.601448162357446,78.12661322063487],
[17.601455072734364,78.12661307958294],
[17.601458587919534,78.12661304702723],
[17.60146568535324,78.12661284047346],
[17.60146925720255,78.12661276834717],
[17.601476736573677,78.1266125016735],
[17.601480604639352,78.12661245373825],
[17.60148858084992,78.12661228843052],
[17.60149271986981,78.12661215162704],
[17.60150142860915,78.12661187058403],
[17.60150599912803,78.12661175983084],
[17.601515636682116,78.12661159869344],
[17.601520643051067,78.12661142724794],
[17.601531193808814,78.12661111915894],
[17.601536721850902,78.12661104261286],
[17.601548227700583,78.12661079176681],
[17.601554251119563,78.1266106237109],
[17.60156675970075,78.12661032054704],
[17.60157325760648,78.12661013834088],
[17.60158663562126,78.12660977408578],
[17.601593551246335,78.1266095659366],
[17.60160779676795,78.12660910268225],
[17.60161512473787,78.12660887392879],
[17.601630107622192,78.12660849579973],
[17.601637771836234,78.12660828103793],
[17.601653360838874,78.1266079741771],
[17.601661323143787,78.12660779898656],
[17.601677586639664,78.12660745664296],
[17.60168586612822,78.12660731414826],
[17.601702664970446,78.12660706353627],
[17.6017111761448,78.12660694334028],
[17.601728502309523,78.1266066621903],
[17.601737337211453,78.12660646133152],
[17.60175512737153,78.12660615805466],
[17.60176411037117,78.12660601337681],
[17.601782404340142,78.1266058004265],
[17.601791643678133,78.12660573255269],
[17.601810322005914,78.1266055248492],
[17.6018197757955,78.12660536232544],
[17.60183891536562,78.126605067948],
[17.601848542148037,78.12660502573627],
[17.601867936420927,78.12660481422888],
[17.601877712701278,78.12660474411884],
[17.60189735281117,78.12660442607088],
[17.6019170716165,78.12660410419564],
[17.601926965517578,78.12660394666398],
[17.601946868156965,78.12660351537254],
[17.601956819844144,78.12660331277851],
[17.601976723910326,78.12660283105419],
[17.601986618423396,78.12660256602503],
[17.602006519575884,78.12660211649165],
[17.60201653166207,78.12660189172288],
[17.602036293664845,78.1266013433124],
[17.602046154737792,78.12660102926601],
[17.602065912733703,78.1266003239186],
[17.602075811149877,78.12660015271432],
[17.602095535290715,78.12659964055456],
[17.602105332551403,78.1265993339228],
[17.60211518427455,78.12659908725844],
[17.602134719583407,78.12659845349472],
[17.602154188765446,78.12659780875025],
[17.602163908168293,78.12659752727015],
[17.60218326676275,78.12659691453005],
[17.60219291168294,78.12659656350326],
[17.602212071148422,78.12659578051561],
[17.60222160525935,78.12659539982597],
[17.602240575902243,78.12659473956536],
[17.602249998819545,78.12659439949473],
[17.60226861389934,78.12659392355599],
[17.60227770534982,78.12659360740271],
[17.602295732271724,78.12659300682498],
[17.602304597093685,78.12659277557059],
[17.602321875379623,78.12659220747528],
[17.602330367955833,78.12659194762436],
[17.602347003548637,78.12659138936905],
[17.60235504643863,78.1265910385175],
[17.60237088677273,78.12659053474526],
[17.602378592483106,78.12659029815521],
[17.6023936067653,78.12658985205033],
[17.602400925268807,78.12658964795531],
[17.60241506078903,78.12658923350052],
[17.602421915160757,78.12658907075296],
[17.602421915160757,78.12658907075296],
[17.602421915160757,78.12658907075296],
[17.602421915160757,78.12658907075296],
[17.602421915160757,78.12658907075296],
[17.602421915160757,78.12658907075296],
[17.602421915160757,78.12658907075296],
[17.602421915160757,78.12658907075296],
[17.602421915160757,78.12658907075296],
[17.602421915160757,78.12658907075296],
[17.602421915160757,78.12658907075296],
[17.602421915160757,78.12658907075296],
[17.602421915160757,78.12658907075296],
[17.602421915160757,78.12658907075296],
[17.602421915160757,78.12658907075296],
[17.602421915160757,78.12658907075296],
[17.602421915160757,78.12658907075296],
[17.602421915160757,78.12658907075296],
[17.602421915160757,78.12658907075296],
[17.602421915160757,78.12658907075296],
[17.602421915160757,78.12658907075296],
[17.602421915160757,78.12658907075296],
[17.602421915160757,78.12658907075296],
[17.602421915160757,78.12658907075296],
[17.602421915160757,78.12658907075296],
[17.602421915160757,78.12658907075296],
[17.602421915160757,78.12658907075296],
[17.602421915160757,78.12658907075296],
[17.602421915160757,78.12658907075296],
[17.602421915160757,78.12658907075296],
[17.602421915160757,78.12658907075296],
[17.602421915160757,78.12658907075296],
[17.602421915160757,78.12658907075296],
[17.602421915160757,78.12658907075296],
[17.602421915160757,78.12658907075296],
[17.602421915160757,78.12658907075296],
[17.602421915160757,78.12658907075296],
[17.602421915160757,78.12658907075296],
[17.602421915160757,78.12658907075296],
[17.602421915160757,78.12658907075296],
[17.602421915160757,78.12658907075296],
[17.602421915160757,78.12658907075296],
[17.602421915160757,78.12658907075296],
[17.602421915160757,78.12658907075296],
[17.602421915160757,78.12658907075296],
[17.602421915160757,78.12658907075296],
[17.602421915160757,78.12658907075296],
[17.602421915160757,78.12658907075296],
[17.602421915160757,78.12658907075296],
[17.602421915160757,78.12658907075296],
[17.602421915160757,78.12658907075296],
[17.602421915160757,78.12658907075296],
[17.602421915160757,78.12658907075296],
[17.602421915160757,78.12658907075296],
[17.602421915160757,78.12658907075296],
[17.602421915160757,78.12658907075296],
[17.602421915160757,78.12658907075296],
[17.602421915160757,78.12658907075296],
[17.602421915160757,78.12658907075296],
[17.602421915160757,78.12658907075296],
[17.602421915160757,78.12658907075296],
[17.602421915160757,78.12658907075296],
[17.602421915160757,78.12658907075296],
[17.602421915160757,78.12658907075296],
[17.602421915160757,78.12658907075296],
[17.602421915160757,78.12658907075296],
[17.602421915160757,78.12658907075296],
[17.602421915160757,78.12658907075296],
[17.602421915160757,78.12658907075296],
[17.602421915160757,78.12658907075296],
[17.602421915160757,78.12658907075296],
[17.602421915160757,78.12658907075296],
[17.602421915160757,78.12658907075296],
[17.602421915160757,78.12658907075296],
[17.602421915160757,78.12658907075296],
[17.602421915160757,78.12658907075296],
[17.602421915160757,78.12658907075296],
[17.602421915160757,78.12658907075296],
[17.602421915160757,78.12658907075296],
[17.602421915160757,78.12658907075296],
[17.602421915160757,78.12658907075296],
[17.602421915160757,78.12658907075296],
[17.602421915160757,78.12658907075296],
[17.602421915160757,78.12658907075296],
[17.602421915160757,78.12658907075296],
[17.602421915160757,78.12658907075296],
[17.602421915160757,78.12658907075296],
[17.602421915160757,78.12658907075296],
[17.602421915160757,78.12658907075296],
[17.602421915160757,78.12658907075296],
[17.602421915160757,78.12658907075296],
[17.602421915160757,78.12658907075296],
[17.602421915160757,78.12658907075296],
[17.602421915160757,78.12658907075296],
[17.602421915160757,78.12658907075296],
[17.602421915160757,78.12658907075296],
[17.602421915160757,78.12658907075296],
[17.602421915160757,78.12658907075296],
[17.602421915160757,78.12658907075296],
[17.602421915160757,78.12658907075296],
[17.602421915160757,78.12658907075296],
[17.602421915160757,78.12658907075296],
[17.602421915160757,78.12658907075296],
[17.602421915160757,78.12658907075296],
[17.602421915160757,78.12658907075296],
[17.602421915160757,78.12658907075296],
[17.602421915160757,78.12658907075296],
[17.602421915160757,78.12658907075296],
[17.602421915160757,78.12658907075296],
[17.602421915160757,78.12658907075296],
[17.602421915160757,78.12658907075296],
[17.602421915160757,78.12658907075296],
[17.602421915160757,78.12658907075296],
[17.602421915160757,78.12658907075296],
[17.602421915160757,78.12658907075296],
[17.602421915160757,78.12658907075296],
[17.602421915160757,78.12658907075296],
[17.602421915160757,78.12658907075296],
[17.602421915160757,78.12658907075296],
[17.602421915160757,78.12658907075296],
[17.602421915160757,78.12658907075296],
[17.602421915160757,78.12658907075296],
[17.602421915160757,78.12658907075296],
[17.602421915160757,78.12658907075296],
[17.602421915160757,78.12658907075296],
[17.602421915160757,78.12658907075296],
[17.602421915160757,78.12658907075296],
[17.602421915160757,78.12658907075296],
[17.602421915160757,78.12658907075296],
[17.602421915160757,78.12658907075296],
[17.602421915160757,78.12658907075296],
[17.602421915160757,78.12658907075296],
[17.602421915160757,78.12658907075296],
[17.602421915160757,78.12658907075296],
[17.602421915160757,78.12658907075296],
[17.602421915160757,78.12658907075296],
[17.602421915160757,78.12658907075296],
[17.602421915160757,78.12658907075296],
[17.602421915160757,78.12658907075296],
[17.602421915160757,78.12658907075296],
[17.602421915160757,78.12658907075296],
[17.602421915160757,78.12658907075296],
[17.602421915160757,78.12658907075296],
[17.602421915160757,78.12658907075296],
[17.602421915160757,78.12658907075296],
[17.602421915160757,78.12658907075296],
[17.602421915160757,78.12658907075296],
[17.602421915160757,78.12658907075296],
[17.602421915160757,78.12658907075296],
[17.602421915160757,78.12658907075296],
[17.602421915160757,78.12658907075296],
[17.602421915160757,78.12658907075296],
[17.602421915160757,78.12658907075296],
[17.602421915160757,78.12658907075296],
[17.602421915160757,78.12658907075296],
[17.602421915160757,78.12658907075296],
[17.602421915160757,78.12658907075296],
[17.602421915160757,78.12658907075296],
[17.602421915160757,78.12658907075296],
[17.602421915160757,78.12658907075296],
[17.602421915160757,78.12658907075296],
[17.602421915160757,78.12658907075296],
[17.602421915160757,78.12658907075296],
[17.602421915160757,78.12658907075296],
[17.602421915160757,78.12658907075296],
[17.602421915160757,78.12658907075296],
[17.602421915160757,78.12658907075296],
[17.602421915160757,78.12658907075296],
[17.602421915160757,78.12658907075296],
[17.602421915160757,78.12658907075296],
[17.602421915160757,78.12658907075296],
[17.602421915160757,78.12658907075296],
[17.602421915160757,78.12658907075296],
[17.602421915160757,78.12658907075296],
[17.602421915160757,78.12658907075296],
[17.602421915160757,78.12658907075296],
[17.602421915160757,78.12658907075296],
[17.602421915160757,78.12658907075296],
[17.602421915160757,78.12658907075296],
[17.602421915160757,78.12658907075296],
[17.602421915160757,78.12658907075296],
[17.602421915160757,78.12658907075296],
[17.602421915160757,78.12658907075296],
[17.602421915160757,78.12658907075296],
[17.602421915160757,78.12658907075296],
[17.602421915160757,78.12658907075296],
[17.602421915160757,78.12658907075296],
[17.602421915160757,78.12658907075296],
[17.602421915160757,78.12658907075296],
[17.602421915160757,78.12658907075296],
[17.602421915160757,78.12658907075296],
[17.602421915160757,78.12658907075296],
[17.602421915160757,78.12658907075296],
[17.602421915160757,78.12658907075296],
[17.602421915160757,78.12658907075296],
[17.602421915160757,78.12658907075296],
[17.602421915160757,78.12658907075296],
[17.602421915160757,78.12658907075296],
[17.602421915160757,78.12658907075296],
[17.602421915160757,78.12658907075296],
[17.602421915160757,78.12658907075296],
[17.602421915160757,78.12658907075296],
[17.602421915160757,78.12658907075296],
[17.602421915160757,78.12658907075296],
[17.602421915160757,78.12658907075296],
[17.602421915160757,78.12658907075296],
[17.602421915160757,78.12658907075296],
[17.602421915160757,78.12658907075296],
[17.602421915160757,78.12658907075296],
[17.602421915160757,78.12658907075296],
[17.602421915160757,78.12658907075296],
[17.602421915160757,78.12658907075296],
[17.602421915160757,78.12658907075296],
[17.602421915160757,78.12658907075296],
[17.602421915160757,78.12658907075296],
[17.602421915160757,78.12658907075296],
[17.602421915160757,78.12658907075296],
[17.602421915160757,78.12658907075296],
[17.602421915160757,78.12658907075296],
[17.602421915160757,78.12658907075296],
[17.602421915160757,78.12658907075296],
[17.602421915160757,78.12658907075296],
[17.602421915160757,78.12658907075296],
[17.602421915160757,78.12658907075296],
[17.602421915160757,78.12658907075296],
[17.602421915160757,78.12658907075296],
[17.602421915160757,78.12658907075296],
[17.602421915160757,78.12658907075296],
[17.602421915160757,78.12658907075296],
[17.602421915160757,78.12658907075296],
[17.602421915160757,78.12658907075296],
[17.602421915160757,78.12658907075296],
[17.602421915160757,78.12658907075296],
[17.602421915160757,78.12658907075296],
[17.602421915160757,78.12658907075296],
[17.602421915160757,78.12658907075296],
[17.602421915160757,78.12658907075296],
[17.602421915160757,78.12658907075296],
[17.602421915160757,78.12658907075296],
[17.602421915160757,78.12658907075296],
[17.602421915160757,78.12658907075296],
[17.602421915160757,78.12658907075296],
[17.602421915160757,78.12658907075296],
[17.602421915160757,78.12658907075296],
[17.602421915160757,78.12658907075296],
[17.602421915160757,78.12658907075296],
[17.602421915160757,78.12658907075296],
[17.602421915160757,78.12658907075296],
[17.602421915160757,78.12658907075296],
[17.602421915160757,78.12658907075296],
[17.602421915160757,78.12658907075296],
[17.602421915160757,78.12658907075296],
[17.602421915160757,78.12658907075296],
[17.602421915160757,78.12658907075296],
[17.602421915160757,78.12658907075296],
[17.602421915160757,78.12658907075296],
[17.602421915160757,78.12658907075296],
[17.602421915160757,78.12658907075296],
[17.602421915160757,78.12658907075296],
[17.602421915160757,78.12658907075296],
[17.602421915160757,78.12658907075296],
[17.602421915160757,78.12658907075296],
[17.602421915160757,78.12658907075296],
[17.602421915160757,78.12658907075296],
[17.602421915160757,78.12658907075296],
[17.602421915160757,78.12658907075296],
[17.602421915160757,78.12658907075296],
[17.602421915160757,78.12658907075296],
[17.602421915160757,78.12658907075296],
[17.602421915160757,78.12658907075296],
[17.602421915160757,78.12658907075296],
[17.602421915160757,78.12658907075296],
[17.602421915160757,78.12658907075296],
[17.602421915160757,78.12658907075296],
[17.602421915160757,78.12658907075296],
[17.602421915160757,78.12658907075296],
[17.602421915160757,78.12658907075296],
[17.602421915160757,78.12658907075296],
[17.602421915160757,78.12658907075296],
[17.602421915160757,78.12658907075296],
[17.602421915160757,78.12658907075296],
[17.602421915160757,78.12658907075296],
[17.602421915160757,78.12658907075296],
[17.602421915160757,78.12658907075296],
[17.602421915160757,78.12658907075296],
[17.602421915160757,78.12658907075296],
[17.602421915160757,78.12658907075296],
[17.602421915160757,78.12658907075296],
[17.602421915160757,78.12658907075296],
[17.602421915160757,78.12658907075296],
[17.602421915160757,78.12658907075296],
[17.602421915160757,78.12658907075296],
[17.602421915160757,78.12658907075296],
[17.602421915160757,78.12658907075296],
[17.602421915160757,78.12658907075296],
[17.602421915160757,78.12658907075296],
[17.602421915160757,78.12658907075296],
[17.602421915160757,78.12658907075296],
[17.602421915160757,78.12658907075296],
[17.602421915160757,78.12658907075296],
[17.602421915160757,78.12658907075296],
