[17.6014857748005,78.1265928900328],
[17.601489823777516,78.12659285328293],
[17.601492015488166,78.12659282424517],
[17.601496640941157,78.12659278949127],
[17.6014990952228,78.12659279633088],
[17.60150428226988,78.12659285666605],
[17.60150698499467,78.12659284680396],
[17.60151255378288,78.12659282392745],
[17.6015154082761,78.12659279057783],
[17.601521276850377,78.1265927984938],
[17.60152426531888,78.12659279457583],
[17.601530372322298,78.12659278453904],
[17.601533474120334,78.12659278412279],
[17.60153972406339,78.12659279145129],
[17.601542938744473,78.12659276239289],
[17.60154940152525,78.12659268464786],
[17.601552690226843,78.12659270144603],
[17.60155931683557,78.12659265182721],
[17.601562672734048,78.12659263846504],
[17.601569463264703,78.12659258928997],
[17.601572913760297,78.12659255484363],
[17.601579857065264,78.12659256801707],
[17.601583394949458,78.12659255258815],
[17.60159053916122,78.12659254720292],
[17.601594149693447,78.12659254818752],
[17.601601495196633,78.12659252285394],
[17.601608954076962,78.12659247780994],
[17.60161270512323,78.12659248476314],
[17.601620230534692,78.1265924897299],
[17.60162396087714,78.1265924663281],
[17.601631356481054,78.12659236591803],
[17.601634980047105,78.12659237946507],
[17.60164221595546,78.12659230054975],
[17.60164581264953,78.12659227815394],
[17.601649381612294,78.1265922815878],
[17.60165652987289,78.12659219916036],
[17.601663702596955,78.12659211158129],
[17.60166726826562,78.12659206144252],
[17.601674416061908,78.1265919853953],
[17.601677977386817,78.12659191393757],
[17.60168509992516,78.12659176350711],
[17.60168867995216,78.12659172754103],
[17.601695899613947,78.12659158553166],
[17.601699553514727,78.12659150447583],
[17.601706969647417,78.12659133699228],
[17.60171073993775,78.12659125830969],
[17.601718362060588,78.12659105457688],
[17.601722243786035,78.12659095801499],
[17.601729985366738,78.12659074691003],
[17.601733944274216,78.12659070441212],
[17.60174198602736,78.12659051484854],
[17.601746051829874,78.12659042768666],
[17.60175431767007,78.12659025030236],
[17.60175851522164,78.12659013897454],
[17.60176696470796,78.12658993052625],
[17.601771221731173,78.12658983119982],
[17.60177972040513,78.12658954270921],
[17.601783998442325,78.12658940336362],
[17.601792582678033,78.12658913515101],
[17.60179689351754,78.12658903520648],
[17.60180555235106,78.12658886372937],
[17.601809903316017,78.12658873967115],
[17.60181860658969,78.1265885352939],
[17.601822937374223,78.12658845629922],
[17.601831495526763,78.12658830930468],
[17.60183569812768,78.12658820357737],
[17.60184391060449,78.12658797719638],
[17.601847982075,78.12658791822867],
[17.601855996353255,78.12658791399603],
[17.601859942972943,78.12658785472676],
[17.601867753401624,78.12658755554294],
[17.601871640243566,78.12658752301961],
[17.601879469469385,78.126587558084],
[17.601883410520966,78.12658751648593],
[17.601891343755447,78.12658730262488],
[17.60189533342864,78.12658723028872],
[17.601903343551772,78.12658715085941],
[17.60190736757323,78.12658709756653],
[17.601915510223503,78.12658701308514],
[17.601919614380797,78.12658693332907],
[17.601927906154813,78.12658679813138],
[17.601932071845788,78.12658675361212],
[17.601940475574498,78.12658668260727],
[17.60194470009185,78.12658661989933],
[17.60195320479816,78.12658648341898],
[17.60195748476264,78.1265864322958],
[17.60196607049471,78.12658633371838],
[17.601970382331324,78.12658629109328],
[17.601979030785827,78.12658618835233],
[17.601987732871454,78.12658613209614],
[17.601992061115556,78.12658611275182],
[17.602000695466884,78.12658603156333],
[17.60200498823034,78.12658600121559],
[17.60201337191493,78.12658595882701],
[17.602017481760125,78.1265859257857],
[17.60202555085491,78.12658589304266],
[17.602029485905845,78.12658589735695],
[17.602037246653055,78.1265859243447],
[17.60204100647735,78.12658594979452],
[17.6020483366388,78.12658591211877],
[17.602051931498952,78.12658592204475],
[17.60205909173253,78.1265859059982],
[17.60206265006754,78.12658588767398],
[17.602069837831248,78.12658590574904],
[17.6020734489635,78.12658591946095],
[17.60208073595415,78.12658589276163],
[17.602084407141703,78.12658588052197],
[17.602091832811293,78.1265858295665],
[17.60209561527983,78.12658586358481],
[17.60210326512128,78.12658596349253],
[17.602107109066147,78.12658598004555],
[17.60211486130231,78.1265859026312],
[17.602118730460266,78.12658584650053],
[17.602126498161045,78.12658578262614],
[17.602130370653192,78.12658573497012],
[17.602138018302693,78.12658556325695],
[17.602141748346487,78.12658544584205],
[17.60214909372685,78.12658516065527],
[17.602152675335446,78.12658501089402],
[17.602159731978805,78.12658470369922],
[17.602163233884582,78.12658454281879],
[17.6021702129246,78.1265841867465],
[17.60217371662302,78.12658401556726],
[17.60218076843612,78.12658365263741],
[17.60218435493492,78.126583455481],
[17.602191563649104,78.12658304488795],
[17.602195201463697,78.12658290042556],
[17.60220255240309,78.12658256118148],
[17.60220255240309,78.12658256118148],
[17.60220255240309,78.12658256118148],
[17.60220255240309,78.12658256118148],
[17.60220255240309,78.12658256118148],
[17.60220255240309,78.12658256118148],
[17.60220255240309,78.12658256118148],
[17.60220255240309,78.12658256118148],
[17.60220255240309,78.12658256118148],
[17.60220255240309,78.12658256118148],
[17.60220255240309,78.12658256118148],
[17.60220255240309,78.12658256118148],
[17.60220255240309,78.12658256118148],
[17.60220255240309,78.12658256118148],
[17.60220255240309,78.12658256118148],
[17.60220255240309,78.12658256118148],
[17.60220255240309,78.12658256118148],
[17.60220255240309,78.12658256118148],
[17.60220255240309,78.12658256118148],
[17.60220255240309,78.12658256118148],
[17.60220255240309,78.12658256118148],
[17.60220255240309,78.12658256118148],
[17.60220255240309,78.12658256118148],
[17.60220255240309,78.12658256118148],
[17.60220255240309,78.12658256118148],
[17.60220255240309,78.12658256118148],
[17.60220255240309,78.12658256118148],
[17.60220255240309,78.12658256118148],
[17.60220255240309,78.12658256118148],
[17.60220255240309,78.12658256118148],
[17.60220255240309,78.12658256118148],
[17.60220255240309,78.12658256118148],
[17.60220255240309,78.12658256118148],
[17.60220255240309,78.12658256118148],
[17.60220255240309,78.12658256118148],
[17.60220255240309,78.12658256118148],
[17.60220255240309,78.12658256118148],
[17.60220255240309,78.12658256118148],
[17.60220255240309,78.12658256118148],
[17.60220255240309,78.12658256118148],
[17.60220255240309,78.12658256118148],
[17.60220255240309,78.12658256118148],
[17.60220255240309,78.12658256118148],
[17.60220255240309,78.12658256118148],
[17.60220255240309,78.12658256118148],
[17.60220255240309,78.12658256118148],
[17.60220255240309,78.12658256118148],
[17.60220255240309,78.12658256118148],
[17.60220255240309,78.12658256118148],
[17.60220255240309,78.12658256118148],
[17.60220255240309,78.12658256118148],
