data = [[17.60136359983257,78.12657792209053],
[17.601365167459377,78.12657787978915],
[17.60136846819393,78.12657779545832],
[17.601370195078292,78.12657774852914],
[17.601373851617456,78.12657766754128],
[17.601375771197944,78.12657762232642],
[17.601379784144086,78.1265774691677],
[17.60138189460769,78.1265773952173],
[17.601386348557863,78.12657724742817],
[17.601391069823755,78.1265771094082],
[17.601393510057356,78.12657704224212],
[17.601395994695906,78.12657698266388],
[17.601401068261477,78.126576859545],
[17.601406263363387,78.1265767128139],
[17.601408899511934,78.12657663996839],
[17.60141425686346,78.12657652470065],
[17.60141697226221,78.12657647682954],
[17.601422491835827,78.12657637665238],
[17.60142529366219,78.1265763211879],
[17.601431005319437,78.12657618188534],
[17.60143390510073,78.12657610627103],
[17.60143976116142,78.12657599028257],
[17.601442741979,78.12657593618314],
[17.601448781759,78.12657584266513],
[17.601451855404452,78.12657576346807],
[17.601458052651818,78.12657560049975],
[17.601461174098944,78.1265755219323],
[17.601467509607975,78.12657538113113],
[17.60147072412588,78.12657532034589],
[17.60147721506312,78.1265751420098],
[17.60148049453422,78.12657505872917],
[17.601487125640233,78.12657491573538],
[17.60149050472285,78.12657487285705],
[17.60149736439721,78.12657482121041],
[17.601500833923556,78.12657479197823],
[17.60150785122807,78.12657472685264],
[17.601511395915512,78.12657470092951],
[17.601518556989454,78.12657466051435],
[17.60152217170671,78.12657463762541],
[17.601529409376788,78.12657458456495],
[17.601533052212883,78.12657456249721],
[17.60154039698536,78.12657451673675],
[17.60154410095886,78.12657449372726],
[17.601551553232984,78.1265744414798],
[17.601555284861494,78.12657440952106],
[17.601562737899204,78.12657434154724],
[17.601566452867733,78.12657430256338],
[17.601573849075837,78.12657421691982],
[17.60157752725888,78.12657417373708],
[17.60158484939085,78.12657408649555],
[17.6015884970781,78.12657404107611],
[17.601595765922994,78.12657394827379],
[17.601599399806894,78.12657391672467],
[17.60160666140595,78.12657385643288],
[17.601610283199456,78.1265738250116],
[17.601617502995218,78.12657376572443],
[17.601621102399065,78.12657373521922],
[17.601628281430592,78.12657367306689],
[17.601631863556086,78.12657363499683],
[17.60163904189533,78.1265735680256],
[17.60164262803985,78.12657353443164],
[17.601649773532987,78.12657348029938],
[17.60165333454338,78.1265734478215],
[17.601660440994692,78.1265733766703],
[17.60166398234567,78.12657333875225],
[17.601671030908463,78.12657327542496],
[17.60167453553201,78.1265732324001],
[17.601681493582074,78.12657314915681],
[17.601684946084916,78.12657311037793],
[17.60169180018538,78.12657302050293],
[17.601695196956232,78.12657297798808],
[17.601701928641887,78.1265728993485],
[17.601705271145796,78.12657283883131],
[17.60171189673183,78.1265727028546],
[17.6017151779124,78.12657263502587],
[17.601721673656883,78.12657249795103],
[17.601724888204295,78.12657242482729],
[17.601731246360814,78.12657228353602],
[17.601734391922378,78.12657221645136],
[17.601740651768168,78.12657210571271],
[17.601746872329972,78.12657199631673],
[17.601750000721168,78.12657194041367],
[17.60175634525545,78.12657184904315],
[17.601759564999856,78.12657179817676],
[17.601762809521603,78.12657174302886],
[17.60176933993321,78.12657161386822],
[17.601775898367812,78.1265714764818],
[17.601779182122666,78.12657140022809],
[17.601785746437052,78.12657124484282],
[17.601789028221326,78.12657117209564],
[17.601795591758297,78.12657101982147],
[17.60179886595624,78.12657094155034],
[17.60180542057881,78.12657087003203],
[17.601808698959985,78.12657084198102],
[17.601815252509002,78.12657078385669],
[17.601818531330384,78.12657075737243],
[17.60182510389419,78.12657070710254],
[17.60182840175972,78.12657067712826],
[17.601835010043914,78.12657059056075],
[17.601838313251307,78.12657052752779],
[17.601844940322348,78.1265703968793],
[17.60184825941686,78.1265703323961],
[17.60185491237902,78.12657019161955],
[17.601858245941475,78.12657011294358],
[17.601864929901872,78.12656996688204],
[17.601868287555586,78.1265699074881],
[17.601875013429467,78.12656979861303],
[17.60187838302665,78.12656973666849],
[17.601885118612373,78.12656962511515],
[17.601888471815965,78.126569573853],
[17.601895140719684,78.12656943448614],
[17.601898450651483,78.12656936872756],
[17.601904979173355,78.12656920592845],
[17.60190815338743,78.126569137092],
[17.601914248889013,78.1265689609053],
[17.601917152602326,78.12656886678117],
[17.601922623404306,78.12656869812034],
[17.60192524761845,78.12656861747514],
[17.601930376925345,78.12656848550921],
[17.601932907936945,78.12656843363865],
[17.601937882000797,78.12656833075282],
[17.601940327848258,78.12656828285111],
[17.601945148929293,78.1265681807384]]
